graph [
  directed 1
  node [
    id 0
    label 0
    dim 347
    name "347_2287_183_100"
    ptc "[2082.6666666666665, 2.1666666666666665, 0.0]"
    V "[0.0, -1.479046466570787e-17, 1.0, -0.052243179332137055, 0.99863439266493836, 1.4770266698671104e-17, -0.99863439266493836, -0.052243179332137055, -7.7270089793620612e-19]"
  ]
  node [
    id 1
    label 1
    dim 303
    name "303_1526_183_100"
    ptc "[1783.0, 2.1666666666666665, 271.16666666666669]"
    V "[1.0, 0.0, 0.0, -0.0, -0.99863439266493825, 0.052243179332137742, -0.0, -0.052243179332137742, -0.99863439266493825]"
  ]
  node [
    id 2
    label 2
    name "303_1526_183_100"
    dim 303
    V "[1.0, 0.0, 0.0, -0.0, -0.99863439266493825, -0.052243179332137735, 0.0, -0.052243179332137735, 0.99863439266493825]"
    ptc "[1783.0, 2.1666666666666665, -271.16666666666669]"
    mx True
  ]
  node [
    id 3
    label 3
    dim 35
    name "35_82_53_10"
    ptc "[1679.0, -11.382278606972216, 311.98784485014716]"
    V "[6.8519183632823386e-16, 0.9449214442140963, -0.327297210902182, -1.9079515857634883e-14, 0.32729721090218217, 0.94492144421409618, -1.0, -5.5972198660208679e-15, -1.8252905056065271e-14]"
  ]
  node [
    id 4
    label 4
    dim 35
    name "35_82_53_10"
    ptc "[1740.0, -11.382278606972216, 311.98784485014716]"
    V "[6.8519183632823386e-16, 0.9449214442140963, -0.327297210902182, -1.9079515857634883e-14, 0.32729721090218217, 0.94492144421409618, -1.0, -5.5972198660208679e-15, -1.8252905056065271e-14]"
  ]
  node [
    id 5
    label 5
    dim 35
    name "35_82_53_10"
    ptc "[1959.0, -11.382278606972216, 311.98784485014716]"
    V "[6.8519183632823386e-16, 0.9449214442140963, -0.327297210902182, -1.9079515857634883e-14, 0.32729721090218217, 0.94492144421409618, -1.0, -5.5972198660208679e-15, -1.8252905056065271e-14]"
  ]
  node [
    id 6
    label 6
    dim 35
    name "35_82_53_10"
    ptc "[2020.0, -11.382278606972216, 311.98784485014716]"
    V "[6.8519183632823386e-16, 0.9449214442140963, -0.327297210902182, -1.9079515857634883e-14, 0.32729721090218217, 0.94492144421409618, -1.0, -5.5972198660208679e-15, -1.8252905056065271e-14]"
  ]
  node [
    id 7
    label 7
    dim 143
    name "143_283_200_52"
    ptc "[1498.5, 0.0, 270.0]"
    V "[0.0, 4.4254429102778114e-16, 0.99999999999999989, -0.0, -0.99999999999999989, 2.6803154833089315e-16, -1.0, -0.0, 0.0]"
  ]
  node [
    id 8
    label 8
    dim 143
    name "143_283_200_52"
    ptc "[1498.5, 0.0, -270.0]"
    V "[0.0, 4.4254429102778114e-16, 0.99999999999999989, -0.0, -0.99999999999999989, 2.6803154833089315e-16, -1.0, -0.0, 0.0]"
  ]
  node [
    id 9
    label 9
    dim 236
    name "236_446_344_86"
    ptc "[2081.1603773584907, 31.633741739132077, 369.3888944005576]"
    V "[0.017376727053290818, 0.0026841619311512516, 0.99984541036684416, -0.99984310181527769, -0.0033920421053390674, 0.017385793130029841, 0.0034381840148568501, -0.99999064461877962, 0.0026247982011991912]"
  ]
  node [
    id 10
    label 10
    dim 236
    name "236_446_344_86"
    ptc "[2081.8396226415093, 31.633741739132077, -369.3888944005576]"
    V "[-0.017376727053290818, 0.0026841619311512516, -0.99984541036684416, 0.99984310181527769, -0.0033920421053390674, -0.017385793130029841, -0.0034381840148568501, -0.99999064461877962, -0.0026247982011991912]"
  ]
  node [
    id 11
    label 11
    dim 35
    name "35_82_53_10"
    ptc "[2020.0, -11.382278606972216, -311.98784485014716]"
    V "[-6.8519183632823386e-16, 0.9449214442140963, 0.327297210902182, 1.9079515857634883e-14, 0.32729721090218217, -0.94492144421409618, 1.0, -5.5972198660208679e-15, 1.8252905056065271e-14]"
  ]
  node [
    id 12
    label 12
    dim 35
    name "35_82_53_10"
    ptc "[1959.0, -11.382278606972216, -311.98784485014716]"
    V "[-6.8519183632823386e-16, 0.9449214442140963, 0.327297210902182, 1.9079515857634883e-14, 0.32729721090218217, -0.94492144421409618, 1.0, -5.5972198660208679e-15, 1.8252905056065271e-14]"
  ]
  node [
    id 13
    label 13
    dim 35
    name "35_82_53_10"
    ptc "[1740.0, -11.382278606972216, -311.98784485014716]"
    V "[-6.8519183632823386e-16, 0.9449214442140963, 0.327297210902182, 1.9079515857634883e-14, 0.32729721090218217, -0.94492144421409618, 1.0, -5.5972198660208679e-15, 1.8252905056065271e-14]"
  ]
  node [
    id 14
    label 14
    dim 35
    name "35_82_53_10"
    ptc "[1679.0, -11.382278606972216, -311.98784485014716]"
    V "[-6.8519183632823386e-16, 0.9449214442140963, 0.327297210902182, 1.9079515857634883e-14, 0.32729721090218217, -0.94492144421409618, 1.0, -5.5972198660208679e-15, 1.8252905056065271e-14]"
  ]
  node [
    id 15
    label 15
    dim 259
    name "259_952_183_100"
    ptc "[181.96042697580936, 2.1666666666666665, 271.16666666666669]"
    V "[0.99999078755492821, 0.0042894797235010764, -0.00015864733386639491, -0.0042919095158297418, 0.99862462778177086, -0.052253538640246247, 6.571135974761727e-05, -0.052253738157393578, -0.99863383806608297]"
  ]
  node [
    id 16
    label 16
    dim 259
    name "259_952_183_100"
    ptc "[181.9604269758093, 2.1666666666666665, -271.16666666666669]"
    V "[0.9999907875549281, 0.004289479723501151, 0.00015864733386639489, -0.0042919095158298164, 0.99862462778177075, 0.052253538640246212, 6.5711359747621092e-05, -0.052253738157393551, 0.99863383806608297]"
  ]
  node [
    id 17
    label 17
    dim 307
    name "307_1589_183_100"
    ptc "[-225.41028009253333, 107.82123210185264, 0.0]"
    V "[0.0, -5.126677159538079e-17, 1.0, -0.052243179332093603, 0.9986343926649407, 5.1196761316045194e-17, -0.9986343926649407, -0.052243179332093603, -2.6783391422349789e-18]"
  ]
  node [
    id 18
    label 18
    dim 250
    name "250_718_196_111"
    ptc "[-113.85881943989494, 54.37753633949584, 270.0]"
    V "[0.90439875129147551, -0.42668829215531578, 2.0910101567019307e-15, -0.42668829215531578, -0.90439875129147551, 5.6635711464383465e-14, 2.2274688025079994e-14, 5.2113476279535264e-14, 1.0]"
  ]
  node [
    id 19
    label 19
    dim 250
    name "250_718_196_111"
    ptc "[-113.85881943989494, 54.37753633949584, -270.0]"
    V "[0.90439875129147551, -0.42668829215531578, 2.0910101567019307e-15, -0.42668829215531578, -0.90439875129147551, 5.6635711464383465e-14, 2.2274688025079994e-14, 5.2113476279535264e-14, 1.0]"
  ]
  node [
    id 20
    label 20
    name "35_82_53_10"
    dim 35
    V "[-3.9456292582557918e-15, 0.94492144421409496, -0.32729721090218405, 3.3512791398070443e-15, -0.32729721090218405, -0.94492144421409507, -1.0, -4.8251740124579679e-15, -1.8753020732698694e-15]"
    my True
    ptc "[3.0399999999999996, -11.38227860697293, 311.98784485014716]"
    mz True
  ]
  node [
    id 21
    label 21
    name "35_82_53_10"
    dim 35
    V "[-3.947417848128075e-15, 0.94492144421409496, -0.32729721090218405, 3.3527983053282634e-15, -0.32729721090218405, -0.94492144421409496, 1.0, 4.8273613080211868e-15, 1.8761521648715331e-15]"
    my True
    ptc "[64.039999999999992, -11.38227860697293, 311.98784485014716]"
    mz True
  ]
  node [
    id 22
    label 22
    name "35_82_53_10"
    dim 35
    V "[-3.9456292582557918e-15, 0.94492144421409496, -0.32729721090218405, 3.3512791398070443e-15, -0.32729721090218405, -0.94492144421409507, -1.0, -4.8251740124579679e-15, -1.8753020732698694e-15]"
    my True
    ptc "[283.04000000000002, -11.38227860697293, 311.98784485014716]"
    mz True
  ]
  node [
    id 23
    label 23
    name "35_82_53_10"
    dim 35
    V "[-3.9456292582557918e-15, 0.94492144421409496, -0.32729721090218405, 3.3512791398070443e-15, -0.32729721090218405, -0.94492144421409507, -1.0, -4.8251740124579679e-15, -1.8753020732698694e-15]"
    my True
    ptc "[344.04000000000002, -11.38227860697293, 311.98784485014716]"
    mz True
  ]
  node [
    id 24
    label 24
    dim 241
    name "241_353_351_113"
    ptc "[366.58309830867591, -6.2715864911611931e-08, 285.88665252735973]"
    V "[0.23415211165860661, -1.974337941031995e-08, 0.97219997356810028, 5.2904934707235137e-09, 0.99999999999999978, 1.9033737475027124e-08, 0.97219997356810051, -6.8662777373424704e-10, -0.23415211165860667]"
  ]
  node [
    id 25
    label 25
    dim 241
    name "241_353_351_113"
    ptc "[366.58309830867591, 6.2715864911611931e-08, -285.88665252735973]"
    V "[0.23415211165860661, 1.974337941031995e-08, -0.97219997356810028, 5.2904934707235137e-09, -0.99999999999999978, -1.9033737475027124e-08, 0.97219997356810051, 6.8662777373424704e-10, 0.23415211165860667]"
  ]
  node [
    id 26
    label 26
    dim 193
    name "193_1415_72_72"
    ptc "[260.54000000000002, -20.0, 0.0]"
    V "[-0.0, 0.0, 1.0, 0.0, -1.0, 0.0, 1.0, 0.0, 0.0]"
  ]
  node [
    id 27
    label 27
    name "35_82_53_10"
    dim 35
    V "[3.9456292582557918e-15, 0.94492144421409496, 0.32729721090218405, -3.3512791398070443e-15, -0.32729721090218405, 0.94492144421409507, 1.0, -4.8251740124579679e-15, 1.8753020732698694e-15]"
    my True
    ptc "[344.04000000000002, -11.38227860697293, -311.98784485014716]"
    mz True
  ]
  node [
    id 28
    label 28
    name "35_82_53_10"
    dim 35
    V "[3.9456292582557918e-15, 0.94492144421409496, 0.32729721090218405, -3.3512791398070443e-15, -0.32729721090218405, 0.94492144421409507, 1.0, -4.8251740124579679e-15, 1.8753020732698694e-15]"
    my True
    ptc "[283.04000000000002, -11.38227860697293, -311.98784485014716]"
    mz True
  ]
  node [
    id 29
    label 29
    name "35_82_53_10"
    dim 35
    V "[3.946225454879882e-15, 0.94492144421409507, 0.32729721090218417, -3.3517855283141127e-15, -0.32729721090218422, 0.94492144421409507, 1.0, -4.8259031109790356e-15, 1.8755854371370863e-15]"
    my True
    ptc "[64.039999999999978, -11.38227860697293, -311.98784485014716]"
    mz True
  ]
  node [
    id 30
    label 30
    name "35_82_53_10"
    dim 35
    V "[3.9492064380003599e-15, 0.9449214442140953, 0.32729721090218405, -3.3543174708494822e-15, -0.327297210902184, 0.9449214442140953, 1.0, -4.8295486035844057e-15, 1.8770022564731969e-15]"
    my True
    ptc "[3.0400000000000995, -11.38227860697293, -311.98784485014716]"
    mz True
  ]
  node [
    id 31
    label 31
    dim 186
    name "186_328_263_75"
    ptc "[56.044821408048477, 32.05516552010905, 265.6952380952381]"
    V "[-0.8410312134318737, 0.00046103876779226215, -0.54098640045436008, -0.54066180044074652, 0.033930401127217805, 0.84055549812223407, -0.018743414242901379, -0.99942409182618819, 0.028287260381986739]"
  ]
  node [
    id 32
    label 32
    dim 186
    name "186_328_263_75"
    ptc "[56.044821407710621, 32.055165519952261, -265.6952380952381]"
    V "[-0.84103121344599152, 0.00046103876278870832, 0.54098640043241553, -0.54066180041899459, 0.033930401125165245, -0.8405554981363077, -0.018743414236847156, -0.99942409182626002, -0.028287260383454589]"
  ]
  node [
    id 33
    label 33
    dim 193
    name "193_1415_72_72"
    ptc "[45.539999999999999, -20.0, 0.0]"
    V "[-0.0, 0.0, 1.0, 0.0, -1.0, 0.0, 1.0, 0.0, 0.0]"
  ]
  node [
    id 34
    label 34
    dim 259
    name "259_1036_448_38"
    ptc "[247.58840206185565, 400.5, 369.61046653853123]"
    V "[0.61371640433361063, 0.75161728289551377, 0.24170981590450319, -0.76454537745415552, 0.64216431397336149, -0.055635956652192051, -0.19703436468115607, -0.150653423166839, 0.96875229301550891]"
  ]
  node [
    id 35
    label 35
    dim 259
    name "259_1036_448_38"
    ptc "[247.58840206185565, 400.5, -369.61046653853123]"
    V "[0.61371640433361063, 0.75161728289551377, -0.24170981590450319, -0.76454537745415552, 0.64216431397336149, 0.055635956652192051, -0.19703436468115607, -0.150653423166839, -0.96875229301550891]"
  ]
  node [
    id 36
    label 36
    dim 91
    name "91_256_246_12"
    ptc "[247.76721744231466, 504.79081287910003, 363.15577290308528]"
    V "[-0.083514978039732277, -0.98195201017694078, -0.16969236327097398, 0.97683309144746244, -0.11434048117552077, 0.18089600829687585, -0.19703390544831623, -0.15065358964862277, 0.96875236052861768]"
  ]
  node [
    id 37
    label 37
    ptc "[247.76721744231764, 504.79081287910594, -363.15577290308823]"
    V "[-0.083515022833036537, -0.98195204442577089, 0.16969214303922933, 0.97683290235663933, -0.11434062575564266, -0.18089693799319082, -0.19703482391369703, -0.15065325668520085, -0.96875222550218743]"
    dim 91
    name "91_256_246_12"
    my True
    mx True
    mz True
  ]
  node [
    id 38
    label 38
    dim 244
    name "244_393_291_127"
    ptc "[250.88258327914775, 523.51197562635912, 444.8125008289955]"
    V "[-0.72200835553240195, -0.57274233825276699, -0.38816252847763411, -0.62858389133418091, 0.30856699250795466, 0.71391085065978288, 0.28911282589427911, -0.75944231190219402, 0.58280455454300906]"
  ]
  node [
    id 39
    label 39
    dim 244
    name "244_393_291_127"
    ptc "[250.88254089001822, 523.51180354608857, -444.81240937350685]"
    V "[-0.72200769256868647, -0.57274191728920554, 0.38816438277040027, -0.62858384055607675, 0.30856288196457132, -0.71391267201632591, 0.28911459192405664, -0.75944429950695025, -0.58280108843668388]"
  ]
  node [
    id 40
    label 40
    dim 87
    name "87_277_185_13"
    ptc "[536.19837307019998, 512.48281518971999, 442.49214815597998]"
    V "[1.8422962741197943e-06, -0.99906012053047388, 0.043345998226377032, 9.5447733425398006e-05, 0.043345998204681345, 0.99906011597369349, -0.99999999544316809, 2.2967125544889777e-06, 9.5437880231329152e-05]"
  ]
  node [
    id 41
    label 41
    ptc "[536.19837307019998, 512.48281518972487, -442.49214815597253]"
    V "[1.8422920317580779e-06, -0.99906012053049531, -0.043345998225886979, 9.5447735514123737e-05, 0.043345998204191355, -0.99906011597371491, -0.99999999544316787, 2.2967168833544959e-06, -9.5437882134203481e-05]"
    dim 87
    name "87_277_185_13"
    my True
    mx True
    mz True
  ]
  node [
    id 42
    label 42
    dim 87
    name "87_238_192_15"
    ptc "[44.492974060762549, 40.176642761789275, 271.12967858228177]"
    V "[-0.16286060604328423, 0.00017019465332436889, 0.98664907339590346, 0.98664835877469947, 0.0012439619397842669, 0.16286027350426682, -0.0011996359474385411, 0.99999921179592555, -0.00037051467078298846]"
  ]
  node [
    id 43
    label 43
    dim 87
    name "87_237_190_15"
    ptc "[44.513057254098669, 40.032500062326427, -270.79878571990946]"
    V "[0.14704646892539164, 0.0005884490486817328, 0.9891294099885467, 0.98911998266402612, 0.0043188436590824971, -0.14704763678537913, 0.0043584253223183074, -0.9999905006134634, -5.3023997077653098e-05]"
  ]
  node [
    id 44
    label 45
    dim 82
    name "82_252_194_12"
    ptc "[245.77924189580625, 509.66083629502816, 359.37976759538128]"
    V "[-0.48160923686147533, 0.87555290984577594, 0.038205301075925062, 0.85394964845971033, 0.45903229532206113, 0.24507009149812034, 0.19703436468099744, 0.15065342316706543, -0.96875229301550581]"
  ]
  node [
    id 45
    label 46
    name "82_252_194_12"
    dim 82
    V "[-0.48160923686167678, 0.87555290984567546, -0.038205301075691533, 0.8539496484596043, 0.45903229532232259, -0.24507009149800033, 0.19703436468096491, 0.1506534231668536, 0.96875229301554566]"
    ptc "[245.77924189580312, 509.66083629501566, -359.37976759537503]"
    mz True
  ]
  node [
    id 46
    label 47
    dim 521
    name "521_1590_1197_75"
    ptc "[1803.9136909768501, 276.60000000001253, 403.31035708279506]"
    V "[0.8708029797133704, 0.48039846146490345, -0.10449635756555971, -0.47697650563324417, 0.87705035101877371, 0.057237180676077255, 0.11914522061843358, -9.8167400441478421e-14, 0.99287683848692165]"
  ]
  node [
    id 47
    label 48
    dim 521
    name "521_1590_1197_75"
    ptc "[1803.9136909768501, 276.60000000000929, -403.31035708279251]"
    V "[0.87080297971337595, 0.48039846146489279, 0.10449635756556454, -0.47697650563323551, 0.87705035101877971, -0.057237180676060262, 0.11914522061842965, -8.2037776830813784e-14, -0.9928768384869221]"
  ]
  node [
    id 48
    label 49
    dim 89
    name "89_254_230_12"
    ptc "[2081.5, 40.0, 370.0]"
    V "[-1.0, -0.0, -0.0, 0.0, 0.0, 1.0, 0.0, 1.0, 0.0]"
  ]
  node [
    id 49
    label 50
    ptc "[2081.5, 40.0, -370.0]"
    V "[-1.0, -0.0, 0.0, 0.0, 3.0217415748989359e-16, 0.99999999999999978, 0.0, 1.0, -1.1058988802112611e-16]"
    dim 89
    name "89_254_230_12"
    my True
    mx True
    mz True
  ]
  node [
    id 50
    label 51
    dim 89
    name "89_254_230_12"
    ptc "[1481.5, 40.0, 442.0]"
    V "[-1.0, -0.0, -0.0, 0.0, 0.0, 1.0, 0.0, 1.0, 0.0]"
  ]
  node [
    id 51
    label 52
    ptc "[1481.5, 40.0, -442.0]"
    V "[-1.0, -0.0, 0.0, 0.0, 3.0217415748989359e-16, 0.99999999999999978, 0.0, 1.0, -1.1058988802112611e-16]"
    dim 89
    name "89_254_230_12"
    my True
    mx True
    mz True
  ]
  node [
    id 52
    label 53
    dim 298
    name "298_434_324_188"
    ptc "[1846.9788076295649, 517.21750829405869, 450.08715293531094]"
    V "[-0.99418228770024331, -0.087247586639021629, 0.063161993704894698, 0.037895850231963124, -0.83224297506702583, -0.55311439593160305, -0.10082402173245895, 0.54750295805342641, -0.83070754635096489]"
  ]
  node [
    id 53
    label 54
    dim 298
    name "298_434_324_188"
    ptc "[1846.9787519429133, 517.2175932613934, -450.08718641145219]"
    V "[-0.99418217965451905, -0.08724934757329271, -0.063161261904939925, 0.037897890162012129, -0.83224376967697911, 0.55311306055373477, -0.10082432037290269, 0.5475014695705267, 0.83070849113239265]"
  ]
  node [
    id 54
    label 55
    dim 191
    name "191_381_286_64"
    ptc "[1719.5996041232613, 430.84038812164778, 396.35186564928404]"
    V "[0.5861184194914234, 0.80716616536475561, -0.070341878161111107, -0.8008853953262931, 0.59031863193926259, 0.10053107150729397, 0.12266940077265784, -0.002587329842579159, 0.99244421699073981]"
  ]
  node [
    id 55
    label 56
    ptc "[1719.5996041232386, 430.84038812165221, -396.35186564928176]"
    V "[0.58611841949133581, 0.80716616536480246, 0.070341878161293961, -0.80088539532635361, 0.59031863193919809, -0.10053107150719091, 0.12266940077268289, -0.0025873298423589619, -0.99244421699073726]"
    dim 191
    name "191_381_286_64"
    my True
    mx True
    mz True
  ]
  node [
    id 56
    label 58
    dim 84
    name "84_229_213_12"
    ptc "[1719.7894823579165, 429.99999999999721, 388.22590549302504]"
    V "[0.88077530949369232, -0.46158838382991219, -0.10569303713859347, 0.45830041521935294, 0.887094224935147, -0.054996049826138586, 0.11914522061777892, 1.3575614755310288e-13, 0.99287683848700004]"
  ]
  node [
    id 57
    label 59
    ptc "[1719.7894823579165, 429.99999999998886, -388.22590549302504]"
    V "[0.88077530948914573, -0.46158838383865425, 0.10569303713830458, 0.45830041522803511, 0.88709422493059842, 0.054996049827159922, 0.11914522061799407, 7.8650522475407863e-17, -0.99287683848697439]"
    dim 84
    name "84_229_213_12"
    my True
    mx True
    mz True
  ]
  node [
    id 58
    label 60
    dim 259
    name "259_1036_448_38"
    ptc "[247.58840206185565, 400.5, 369.61046653853123]"
    V "[0.61371640433361063, 0.75161728289551377, 0.24170981590450319, -0.76454537745415552, 0.64216431397336149, -0.055635956652192051, -0.19703436468115607, -0.150653423166839, 0.96875229301550891]"
  ]
  node [
    id 59
    label 61
    dim 259
    name "259_1036_448_38"
    ptc "[247.58840206185565, 400.5, -369.61046653853123]"
    V "[0.61371640433361063, 0.75161728289551377, -0.24170981590450319, -0.76454537745415552, 0.64216431397336149, 0.055635956652192051, -0.19703436468115607, -0.150653423166839, -0.96875229301550891]"
  ]
  node [
    id 60
    label 62
    dim 91
    name "91_256_246_12"
    ptc "[247.76721744231466, 504.79081287910003, 363.15577290308528]"
    V "[-0.083514978039732277, -0.98195201017694078, -0.16969236327097398, 0.97683309144746244, -0.11434048117552077, 0.18089600829687585, -0.19703390544831623, -0.15065358964862277, 0.96875236052861768]"
  ]
  node [
    id 61
    label 63
    ptc "[247.76721744231764, 504.79081287910594, -363.15577290308823]"
    V "[-0.083515022833036537, -0.98195204442577089, 0.16969214303922933, 0.97683290235663933, -0.11434062575564266, -0.18089693799319082, -0.19703482391369703, -0.15065325668520085, -0.96875222550218743]"
    dim 91
    name "91_256_246_12"
    my True
    mx True
    mz True
  ]
  node [
    id 62
    label 64
    dim 244
    name "244_393_291_127"
    ptc "[250.88258327914775, 523.51197562635912, 444.8125008289955]"
    V "[-0.72200835553240195, -0.57274233825276699, -0.38816252847763411, -0.62858389133418091, 0.30856699250795466, 0.71391085065978288, 0.28911282589427911, -0.75944231190219402, 0.58280455454300906]"
  ]
  node [
    id 63
    label 65
    dim 244
    name "244_393_291_127"
    ptc "[250.88254089001822, 523.51180354608857, -444.81240937350685]"
    V "[-0.72200769256868647, -0.57274191728920554, 0.38816438277040027, -0.62858384055607675, 0.30856288196457132, -0.71391267201632591, 0.28911459192405664, -0.75944429950695025, -0.58280108843668388]"
  ]
  node [
    id 64
    label 66
    dim 87
    name "87_277_185_13"
    ptc "[536.19837307019998, 512.48281518971999, 442.49214815597998]"
    V "[1.8422962741197943e-06, -0.99906012053047388, 0.043345998226377032, 9.5447733425398006e-05, 0.043345998204681345, 0.99906011597369349, -0.99999999544316809, 2.2967125544889777e-06, 9.5437880231329152e-05]"
  ]
  node [
    id 65
    label 67
    ptc "[536.19837307019998, 512.48281518972487, -442.49214815597253]"
    V "[1.8422920317580779e-06, -0.99906012053049531, -0.043345998225886979, 9.5447735514123737e-05, 0.043345998204191355, -0.99906011597371491, -0.99999999544316787, 2.2967168833544959e-06, -9.5437882134203481e-05]"
    dim 87
    name "87_277_185_13"
    my True
    mx True
    mz True
  ]
  node [
    id 66
    label 68
    dim 87
    name "87_238_192_15"
    ptc "[44.492974060762549, 40.176642761789275, 271.12967858228177]"
    V "[-0.16286060604328423, 0.00017019465332436889, 0.98664907339590346, 0.98664835877469947, 0.0012439619397842669, 0.16286027350426682, -0.0011996359474385411, 0.99999921179592555, -0.00037051467078298846]"
  ]
  node [
    id 67
    label 69
    dim 87
    name "87_237_190_15"
    ptc "[44.513057254098669, 40.032500062326427, -270.79878571990946]"
    V "[0.14704646892539164, 0.0005884490486817328, 0.9891294099885467, 0.98911998266402612, 0.0043188436590824971, -0.14704763678537913, 0.0043584253223183074, -0.9999905006134634, -5.3023997077653098e-05]"
  ]
  node [
    id 68
    label 70
    dim 1
    name "1_57_49_1"
    ptc "[1989.3, -15.0, 315.0]"
    V "[-1.0, -0.0, -0.0, 0.0, 0.037308549824689445, -0.99930379370338562, 0.0, 0.99930379370338562, 0.037308549824689445]"
  ]
  node [
    id 69
    label 71
    dim 1
    name "1_57_49_1"
    ptc "[1709.3, -15.0, 315.0]"
    V "[-1.0, -0.0, -0.0, 0.0, 0.037308549824689445, -0.99930379370338562, 0.0, 0.99930379370338562, 0.037308549824689445]"
  ]
  node [
    id 70
    label 72
    dim 1
    name "1_57_49_1"
    ptc "[1957.3, -25.782170899335256, 603.79879638027842]"
    V "[-1.0, -0.0, -0.0, 0.0, 0.037308549824689549, -0.99930379370338562, -0.0, -0.99930379370338562, -0.037308549824689549]"
  ]
  node [
    id 71
    label 73
    dim 1
    name "1_57_49_1"
    ptc "[1820.3, -25.782170899335256, 603.79879638027842]"
    V "[-1.0, -0.0, -0.0, 0.0, 0.037308549824689549, -0.99930379370338562, -0.0, -0.99930379370338562, -0.037308549824689549]"
  ]
  node [
    id 72
    label 74
    dim 1
    name "1_391_33_1"
    ptc "[1764.8, -20.391085449667628, 459.39939819013921]"
    V "[-0.41576449754193029, 0.033931092990312488, -0.90883912961105984, 0.9094723099598504, 0.015511570471880081, -0.41547503968083282, 0.0, 0.99930379370338551, 0.037308549824689605]"
  ]
  node [
    id 73
    label 75
    dim 1
    name "1_40_39_1"
    ptc "[1709.3, -15.0, 315.0]"
    V "[1.0, 0.0, 0.0, 0.0, 0.037308549824689424, -0.99930379370338562, 0.0, 0.99930379370338562, 0.037308549824689424]"
  ]
  node [
    id 74
    label 76
    dim 1
    name "1_40_39_1"
    ptc "[1989.3, -15.0, 315.0]"
    V "[1.0, 0.0, 0.0, 0.0, 0.037308549824689424, -0.99930379370338562, 0.0, 0.99930379370338562, 0.037308549824689424]"
  ]
  node [
    id 75
    label 77
    dim 1
    name "1_40_39_1"
    ptc "[1957.3, -25.782170899335256, 603.79879638027842]"
    V "[1.0, 0.0, 0.0, -0.0, -0.037308549824689424, 0.99930379370338562, -0.0, -0.99930379370338562, -0.037308549824689424]"
  ]
  node [
    id 76
    label 78
    dim 1
    name "1_40_39_1"
    ptc "[1820.3, -25.782170899335256, 603.79879638027842]"
    V "[1.0, 0.0, 0.0, -0.0, -0.037308549824689424, 0.99930379370338562, -0.0, -0.99930379370338562, -0.037308549824689424]"
  ]
  node [
    id 77
    label 79
    dim 1
    name "1_276_25_1"
    ptc "[1764.8000000000002, -20.391085449667631, 459.39939819013921]"
    V "[-0.41626991287163662, 0.033922466506733973, -0.90860807056945059, 0.90924108994140829, 0.015530426784890592, -0.41598010313720424, -0.0, -0.99930379370338562, -0.03730854982468939]"
  ]
  node [
    id 78
    label 80
    dim 1
    name "1_178_33_1"
    ptc "[1886.3171095006774, -24.103286157224254, 558.83012566362618]"
    V "[0.99998279083738573, -0.00021887762468104162, 0.0058626036586267982, -0.0058666880838110311, -0.037307907775789628, 0.99928659652189844, -2.6015070422792676e-16, -0.99930379370338529, -0.037308549824690986]"
  ]
  node [
    id 79
    label 81
    dim 1
    name "1_40_39_1"
    ptc "[1709.3, -15.0, 315.0]"
    V "[1.0, 0.0, 0.0, 0.0, 0.037308549824689424, -0.99930379370338562, 0.0, 0.99930379370338562, 0.037308549824689424]"
  ]
  node [
    id 80
    label 82
    dim 1
    name "1_40_39_1"
    ptc "[1989.3, -15.0, 315.0]"
    V "[1.0, 0.0, 0.0, 0.0, 0.037308549824689424, -0.99930379370338562, 0.0, 0.99930379370338562, 0.037308549824689424]"
  ]
  node [
    id 81
    label 83
    dim 1
    name "1_40_39_1"
    ptc "[1957.3, -25.782170899335256, 603.79879638027842]"
    V "[1.0, 0.0, 0.0, -0.0, -0.037308549824689424, 0.99930379370338562, -0.0, -0.99930379370338562, -0.037308549824689424]"
  ]
  node [
    id 82
    label 84
    dim 1
    name "1_40_39_1"
    ptc "[1820.3, -25.782170899335256, 603.79879638027842]"
    V "[1.0, 0.0, 0.0, -0.0, -0.037308549824689424, 0.99930379370338562, -0.0, -0.99930379370338562, -0.037308549824689424]"
  ]
  node [
    id 83
    label 85
    dim 1
    name "1_276_25_1"
    ptc "[1764.8000000000002, -20.391085449667631, 459.39939819013921]"
    V "[-0.41626991287163662, 0.033922466506733973, -0.90860807056945059, 0.90924108994140829, 0.015530426784890592, -0.41598010313720424, -0.0, -0.99930379370338562, -0.03730854982468939]"
  ]
  node [
    id 84
    label 86
    dim 1
    name "1_253_25_1"
    ptc "[1973.3000000000002, -20.391085449667628, 459.39939819013921]"
    V "[-0.1179956029416435, -0.037047916681850986, 0.992322774885255, 0.99301411756653191, -0.0044022448314425802, 0.1179134536599027, -0.0, -0.99930379370338551, -0.037308549824689605]"
  ]
  node [
    id 85
    label 87
    dim 1
    name "1_358_33_1"
    ptc "[1973.3000000000002, -20.391085449667628, 459.39939819013921]"
    V "[-0.11782428243964907, -0.037048675623285454, 0.99234310301535456, 0.99303445985906358, -0.0043958531119579298, 0.1177422524323205, 0.0, 0.99930379370338551, 0.037308549824689605]"
  ]
  node [
    id 86
    label 88
    dim 1
    name "1_40_39_1"
    ptc "[1709.3, -15.0, 315.0]"
    V "[1.0, 0.0, 0.0, 0.0, 0.037308549824689424, -0.99930379370338562, 0.0, 0.99930379370338562, 0.037308549824689424]"
  ]
  node [
    id 87
    label 89
    dim 1
    name "1_40_39_1"
    ptc "[1989.3, -15.0, 315.0]"
    V "[1.0, 0.0, 0.0, 0.0, 0.037308549824689424, -0.99930379370338562, 0.0, 0.99930379370338562, 0.037308549824689424]"
  ]
  node [
    id 88
    label 90
    dim 1
    name "1_40_39_1"
    ptc "[1957.3, -25.782170899335256, 603.79879638027842]"
    V "[1.0, 0.0, 0.0, -0.0, -0.037308549824689424, 0.99930379370338562, -0.0, -0.99930379370338562, -0.037308549824689424]"
  ]
  node [
    id 89
    label 91
    dim 1
    name "1_40_39_1"
    ptc "[1820.3, -25.782170899335256, 603.79879638027842]"
    V "[1.0, 0.0, 0.0, -0.0, -0.037308549824689424, 0.99930379370338562, -0.0, -0.99930379370338562, -0.037308549824689424]"
  ]
  node [
    id 90
    label 92
    dim 1
    name "1_253_25_1"
    ptc "[1973.3000000000002, -20.391085449667628, 459.39939819013921]"
    V "[-0.1179956029416435, -0.037047916681850986, 0.992322774885255, 0.99301411756653191, -0.0044022448314425802, 0.1179134536599027, -0.0, -0.99930379370338551, -0.037308549824689605]"
  ]
  node [
    id 91
    label 93
    dim 97
    name "97_662_42_34"
    ptc "[1861.5479993991291, -20.845777767262135, 471.57826228623964]"
    V "[-0.75480676989137696, 0.02447243910461586, -0.655490533761104, 9.7047442252099739e-13, 0.99930379370342837, 0.037308549823542043, -0.65594720833779463, -0.028160745981003009, 0.75428126866550749]"
  ]
  node [
    id 92
    label 94
    dim 1
    name "1_40_39_1"
    ptc "[1709.3, -15.0, 315.0]"
    V "[1.0, 0.0, 0.0, 0.0, 0.037308549824689424, -0.99930379370338562, 0.0, 0.99930379370338562, 0.037308549824689424]"
  ]
  node [
    id 93
    label 95
    dim 1
    name "1_40_39_1"
    ptc "[1989.3, -15.0, 315.0]"
    V "[1.0, 0.0, 0.0, 0.0, 0.037308549824689424, -0.99930379370338562, 0.0, 0.99930379370338562, 0.037308549824689424]"
  ]
  node [
    id 94
    label 96
    dim 1
    name "1_40_39_1"
    ptc "[1957.3, -25.782170899335256, 603.79879638027842]"
    V "[1.0, 0.0, 0.0, -0.0, -0.037308549824689424, 0.99930379370338562, -0.0, -0.99930379370338562, -0.037308549824689424]"
  ]
  node [
    id 95
    label 97
    dim 1
    name "1_40_39_1"
    ptc "[1820.3, -25.782170899335256, 603.79879638027842]"
    V "[1.0, 0.0, 0.0, -0.0, -0.037308549824689424, 0.99930379370338562, -0.0, -0.99930379370338562, -0.037308549824689424]"
  ]
  node [
    id 96
    label 98
    dim 1
    name "1_276_25_1"
    ptc "[1764.8000000000002, -20.391085449667631, 459.39939819013921]"
    V "[-0.41626991287163662, 0.033922466506733973, -0.90860807056945059, 0.90924108994140829, 0.015530426784890592, -0.41598010313720424, -0.0, -0.99930379370338562, -0.03730854982468939]"
  ]
  node [
    id 97
    label 99
    dim 1
    name "1_253_25_1"
    ptc "[1973.3000000000002, -20.391085449667628, 459.39939819013921]"
    V "[-0.1179956029416435, -0.037047916681850986, 0.992322774885255, 0.99301411756653191, -0.0044022448314425802, 0.1179134536599027, -0.0, -0.99930379370338551, -0.037308549824689605]"
  ]
  node [
    id 98
    label 100
    dim 85
    name "85_189_100_33"
    ptc "[1964.1487195344996, -25.782171095386342, 603.79879637296506]"
    V "[-0.99999999999999989, -1.4396617578271833e-08, -5.4250446536091707e-10, -1.4406812371137135e-08, 0.99922169810388939, 0.039446140982083461, 2.5808773550773489e-11, -0.039446140982083468, 0.99922169810389005]"
  ]
  node [
    id 99
    label 101
    name "85_189_100_33"
    dim 85
    V "[1.0, 1.4396991387265044e-08, 5.3249185921620201e-10, 1.4406812363830273e-08, -0.99938131645310235, -0.035170787942043244, 2.5808884179126234e-11, 0.035170787942043244, -0.99938131645310235]"
    ptc "[1813.4512804655001, -25.782170703284638, 603.79879638760394]"
    mz True
  ]
  node [
    id 100
    label 102
    name "85_189_100_33"
    dim 85
    V "[1.0, 1.4396991400119703e-08, 5.3249184536787249e-10, 1.4406812376189926e-08, -0.99938131645310191, -0.035170787942043084, 2.5808869887257971e-11, 0.035170787942043091, -0.99938131645310224]"
    ptc "[1702.4512804655001, -14.999999803949381, 315.00000000732558]"
    mz True
  ]
  node [
    id 101
    label 103
    dim 85
    name "85_189_100_33"
    ptc "[1996.1487195345001, -15.000000196051083, 314.99999999268675]"
    V "[-0.99999999999999989, -1.4396617565912319e-08, -5.4250451441621893e-10, -1.4406812360722279e-08, 0.99922169810389005, 0.039446140982082913, 2.5808724046108126e-11, -0.039446140982082913, 0.99922169810389017]"
  ]
  node [
    id 102
    label 104
    dim 127
    name "127_226_111_83"
    ptc "[1849.4409687113418, 546.33893856180146, 454.10242918151448]"
    V "[0.80513679826797646, 0.15478450256846191, 0.5725351463791768, -0.0047106664199922845, 0.96698264934039058, -0.25479867640260301, 0.59307043906830426, -0.20245076843339607, -0.77928245242919203]"
  ]
  node [
    id 103
    label 105
    dim 1
    name "1_91_53_1"
    ptc "[1849.7532724149114, 554.84503225226035, 452.13029814659848]"
    V "[7.7686424378820769e-05, -0.96785729840517709, 0.25149998785020117, -0.80515057490393305, -0.14921774788730544, -0.57399182524432046, -0.59307043906831614, 0.20245076843339585, 0.77928245242918315]"
  ]
  node [
    id 104
    label 106
    dim 113
    name "113_118_117_105"
    ptc "[1849.7540132154486, 545.61575941472995, 454.52854632877347]"
    V "[-0.5930704390683168, 0.20245076843350396, 0.77928245242915495, 7.7686424308329643e-05, -0.96785729840515533, 0.25149998785028527, -0.80515057490393283, -0.14921774788730052, -0.57399182524432224]"
  ]
  node [
    id 105
    label 107
    dim 1
    name "1_64_39_1"
    ptc "[1849.7532687285786, 554.89095847588203, 452.11836410972961]"
    V "[7.7686424378644301e-05, -0.96785729840517731, 0.25149998785020122, -0.80515057490393371, -0.1492177478873051, -0.57399182524431991, 0.59307043906831558, -0.20245076843339591, -0.77928245242918348]"
  ]
  node [
    id 106
    label 108
    dim 91
    name "91_157_80_59"
    ptc "[1849.4410289499456, 545.58845515430016, 454.29744405424356]"
    V "[0.80513365780378054, 0.15539607288436152, 0.57237387571728271, -0.0052199018050266225, 0.9668845571694924, -0.25516074488898344, -0.59307043906828683, 0.20245076843339799, 0.7792824524292048]"
  ]
  node [
    id 107
    label 109
    dim 412
    name "412_779_625_144"
    ptc "[1846.5112490818137, 69.821414010494195, 632.36790951128614]"
    V "[-0.067691850673916754, -0.9975845119884249, 0.01558700719048692, -0.99764522403319322, 0.067506618337312377, -0.012118722887339178, 0.011037224112060061, -0.016370642060608599, -0.99980507188272627]"
  ]
  node [
    id 108
    label 110
    dim 31
    name "31_70_51_8"
    ptc "[1791.0999999999999, -23.336771761493466, 608.39393134027819]"
    V "[-7.6207355267847466e-15, -0.080650991583348042, 0.99674240280858062, -1.6377956231699698e-14, 0.99674240280858062, 0.080650991583348125, 1.0, 1.5709983570648483e-14, 8.9168086503313974e-15]"
  ]
  node [
    id 109
    label 111
    dim 31
    name "31_70_51_8"
    ptc "[1987.0999999999999, -23.336771761493466, 608.39393134027819]"
    V "[-7.6207355267847466e-15, -0.080650991583348042, 0.99674240280858062, -1.6377956231699698e-14, 0.99674240280858062, 0.080650991583348125, 1.0, 1.5709983570648483e-14, 8.9168086503313974e-15]"
  ]
  node [
    id 110
    label 112
    dim 57
    name "57_169_93_12"
    ptc "[1822.5324067370004, 152.45721438525788, 590.16235711604361]"
    V "[-0.0, 0.84536742298768941, -0.5341852863484291, 0.0, -0.53418528634842921, -0.84536742298768952, -1.0, 0.0, 0.0]"
  ]
  node [
    id 111
    label 113
    name "57_169_93_12"
    dim 57
    V "[0.0, -0.84536742298768952, 0.53418528634842855, 0.0, 0.53418528634842855, 0.84536742298768963, -1.0, -0.0, 0.0]"
    my True
    ptc "[1875.7485477668802, 152.45721438525791, 590.16235711604361]"
    mx True
  ]
  node [
    id 112
    label 114
    dim 31
    name "31_70_51_8"
    ptc "[1851.0999999999999, -23.336771761493466, 608.39393134027819]"
    V "[-7.6207355267847466e-15, -0.080650991583348042, 0.99674240280858062, -1.6377956231699698e-14, 0.99674240280858062, 0.080650991583348125, 1.0, 1.5709983570648483e-14, 8.9168086503313974e-15]"
  ]
  node [
    id 113
    label 115
    dim 31
    name "31_70_51_8"
    ptc "[1927.0999999999999, -23.336771761493466, 608.39393134027819]"
    V "[-7.6207355267847466e-15, -0.080650991583348042, 0.99674240280858062, -1.6377956231699698e-14, 0.99674240280858062, 0.080650991583348125, 1.0, 1.5709983570648483e-14, 8.9168086503313974e-15]"
  ]
  node [
    id 114
    label 116
    dim 51
    name "51_323_57_7"
    ptc "[1887.0999999999995, -3.7891082711653716, 623.90638689311515]"
    V "[1.0, 0.0, 0.0, 0.0, 0.00034507770981040409, -0.99999994046068519, 0.0, -0.99999994046068519, -0.00034507770981040409]"
  ]
  node [
    id 115
    label 117
    dim 48
    name "48_274_57_7"
    ptc "[1903.3579986531852, 75.174220900066601, 623.93363537952678]"
    V "[0.29791016910961649, -0.95459385218570214, -0.0003294090799169935, -2.8777481346873561e-15, -0.00034507770980383214, 0.9999999404606853, 0.95459390902156915, 0.29791015137224924, 0.00010280215888636589]"
  ]
  node [
    id 116
    label 118
    dim 21
    name "21_49_31_6"
    ptc "[1847.1000019073713, 6.9597700222004413, 627.16009628514314]"
    V "[-1.3091628679186081e-07, -0.600298026141042, -0.79977639363208963, 1.7429431748385825e-07, 0.79977639363207054, -0.60029802614105632, 0.99999999999997613, -2.1798526921867717e-07, -7.5220964936082934e-11]"
  ]
  node [
    id 117
    label 119
    dim 337
    name "337_547_387_181"
    ptc "[1849.625588537308, 57.685738857128406, 696.80690709137343]"
    V "[-0.99148523353849927, -0.13010509226630201, 0.0054494624950047, -0.13009606973615889, 0.99149941580678924, 0.0019801752448702506, -0.0056607697631954629, 0.0012543608623326484, -0.9999831909909862]"
  ]
  node [
    id 118
    label 120
    dim 1
    name "1_1_1_1"
    ptc "[1962.5999999999999, 95.193959772776282, 672.99054666598295]"
    V "[-1.0, -0.0, 0.0, 0.0, -0.00034507770982372676, 0.9999999404606853, 0.0, 0.99999994046068519, 0.00034507770982361574]"
  ]
  node [
    id 119
    label 121
    name "1_1_1_1"
    dim 1
    V "[-1.0, -0.0, -0.0, -0.0, -0.0003450777098236738, 0.9999999404606853, 0.0, 0.9999999404606853, 0.0003450777098236738]"
    my True
    ptc "[1962.5999999999999, 95.199481016133262, 656.99054761861191]"
  ]
  node [
    id 120
    label 122
    dim 1
    name "1_1_1_1"
    ptc "[1962.5999999999999, 20.199485481581842, 656.96466679037621]"
    V "[1.0, 0.0, 0.0, 0.0, -0.00034507770980973795, 0.9999999404606853, 0.0, 0.99999994046068519, 0.00034507770980962693]"
  ]
  node [
    id 121
    label 123
    name "1_1_1_1"
    dim 1
    V "[-1.0, -0.0, -0.0, 0.0, 0.00034507770982367391, -0.99999994046068541, -0.0, -0.99999994046068541, -0.00034507770982367391]"
    my True
    ptc "[1962.5999999999999, 20.193964238224879, 672.96466583774713]"
  ]
  node [
    id 122
    label 124
    dim 2275
    name "2275_3069_2752_1393"
    ptc "[1842.7613592867517, 56.352355242237728, 719.83216603980395]"
    V "[0.95055040580187067, 0.30826823705727463, 0.037744139300018728, 0.30881189267560366, -0.95107675513848289, -0.0093925916213773962, -0.033002135870435739, -0.020583970871881917, 0.99924329328303962]"
  ]
  node [
    id 123
    label 125
    dim 7915
    name "7915_13098_13061_2899"
    ptc "[1848.5963261480417, 53.659436835406133, 664.66366849718497]"
    V "[0.35182232449235301, -0.93606627327000336, 0.0009919854859545712, -0.93606619335836005, -0.3518206939505929, 0.0015102846461153801, -0.0010647254982087001, -0.0014599159325455978, -0.99999836750120907]"
  ]
  node [
    id 124
    label 126
    dim 160
    name "160_262_196_79"
    ptc "[1849.0999999999999, 159.59205895363374, 583.00619016211283]"
    V "[-0.0, 0.97064325480496128, -0.24052374498504475, 1.0, 0.0, 0.0, 0.0, 0.24052374498504464, 0.97064325480496139]"
  ]
  node [
    id 125
    label 127
    dim 37
    name "37_690_76_1"
    ptc "[1849.0999999999999, 244.28963203615655, 532.7037913941524]"
    V "[0.0, -0.96785864441336467, 0.25149481989560757, -0.99996964961214674, -0.0019593989430905776, -0.0075405974791520848, 0.0077910111385351821, -0.25148718693028077, -0.96782926952811965]"
  ]
  node [
    id 126
    label 128
    dim 97
    name "97_726_82_16"
    ptc "[1849.0999999999995, 464.48975745143667, 475.4855279626579]"
